# # Time (sec), X (m), Y (m), Z (m), Xdot (m/s), Ydot (m/s), Zdot (m/s), PropMass (kg), Throttle (0-1), Yaw (deg), Pitch (deg)
0.0000, 6178.3057, 3506.9260, 33744.9648, -148.5354, -89.2251, -796.6630, 20850.0000, 0.0000, 0.0000, 0.0000
1.0000, 6032.8352, 3419.5617, 32957.9913, -145.4705, -87.3643, -786.9735, 20594.9976, 0.8500, 0.9999, 0.9997
2.0000, 5890.7738, 3334.2568, 32180.9033, -142.0614, -85.3049, -777.0880, 20339.9961, 0.8500, 1.9998, 1.9994
3.0000, 5752.3980, 3251.1375, 31413.8241, -138.3758, -83.1192, -767.0792, 20085.0810, 0.8497, 2.9997, 2.9991
4.0000, 5617.9013, 3170.2440, 30656.7788, -134.4967, -80.8935, -757.0453, 19830.6099, 0.8482, 3.9996, 3.9987
5.0000, 5485.9924, 3090.0997, 29893.4778, -131.9089, -80.1443, -763.3010, 19829.4860, 0.0037, 4.9994, 4.9982
6.0000, 5356.4029, 3010.2377, 29123.8881, -129.5895, -79.8620, -769.5898, 19829.0710, 0.0014, 5.9993, 5.9972
7.0000, 5228.7190, 2930.5072, 28347.9728, -127.6839, -79.7306, -775.9152, 19828.8218, 0.0008, 6.9991, 6.1614
8.0000, 5102.3415, 2850.8176, 27565.6135, -126.3776, -79.6896, -782.3594, 19828.6472, 0.0006, 7.9989, 6.1623
9.0000, 4976.4942, 2771.0822, 26776.8598, -125.8473, -79.7354, -788.7536, 19828.5128, 0.0004, 8.9987, 6.1627
10.0000, 4850.3620, 2691.3221, 25982.9692, -126.1322, -79.7600, -793.8906, 19828.4010, 0.0004, 9.9983, 6.1629
11.0000, 4722.9760, 2611.5991, 25185.7311, -127.3861, -79.7231, -797.2381, 19828.3009, 0.0003, 10.9976, 6.1631
12.0000, 4593.7641, 2531.9337, 24386.6292, -129.2119, -79.6654, -799.1019, 19828.2047, 0.0003, 11.4396, 6.1632
13.0000, 4462.6179, 2452.3011, 23586.7467, -131.1462, -79.6326, -799.8825, 19828.1067, 0.0003, 11.4402, 6.1633
14.0000, 4329.4779, 2372.6816, 22787.2268, -133.1399, -79.6195, -799.5199, 19828.0026, 0.0003, 11.4405, 6.1634
15.0000, 4194.3474, 2293.0656, 21989.2593, -135.1305, -79.6160, -797.9675, 19827.8888, 0.0004, 11.4407, 6.1634
16.0000, 4057.3026, 2213.4582, 21194.0661, -137.0448, -79.6074, -795.1932, 19827.7622, 0.0004, 11.4408, 6.1634
17.0000, 3918.5003, 2133.8843, 20402.8879, -138.8023, -79.5739, -791.1782, 19827.6199, 0.0005, 11.4409, 6.1634
18.0000, 3778.1797, 2054.3922, 19616.9721, -140.3206, -79.4921, -785.9158, 19827.4591, 0.0005, 11.4409, 6.1634
19.0000, 3636.6586, 1975.0565, 18837.5639, -141.5211, -79.3357, -779.4082, 19827.2768, 0.0006, 11.4410, 6.1634
20.0000, 3494.3235, 1895.9786, 18065.8993, -142.3351, -79.0779, -771.6646, 19827.0703, 0.0007, 11.4410, 6.1634
21.0000, 3351.6152, 1817.2853, 17303.2006, -142.7084, -78.6933, -762.6987, 19826.8365, 0.0008, 11.4410, 6.1634
22.0000, 3209.0102, 1739.1253, 16550.6717, -142.6050, -78.1600, -752.5289, 19826.5724, 0.0009, 11.4410, 6.1634
23.0000, 3067.0017, 1661.6642, 15809.4923, -142.0084, -77.4611, -741.1794, 19826.2748, 0.0010, 11.4410, 6.1634
24.0000, 2926.0801, 1585.0775, 15080.8100, -140.9216, -76.5867, -728.6823, 19825.9401, 0.0011, 11.4410, 6.1633
25.0000, 2786.7158, 1509.5441, 14365.7281, -139.3643, -75.5334, -715.0819, 19825.5648, 0.0013, 11.4410, 6.1633
26.0000, 2649.3456, 1435.2389, 13665.2903, -137.3702, -74.3052, -700.4378, 19825.1449, 0.0014, 11.4409, 6.1632
27.0000, 2514.3626, 1362.3271, 12980.4631, -134.9830, -72.9118, -684.8272, 19824.6760, 0.0016, 11.4409, 6.1632
28.0000, 2382.1098, 1290.9588, 12312.1167, -132.2528, -71.3683, -668.3464, 19824.1534, 0.0017, 11.4408, 6.1631
29.0000, 2252.8772, 1221.2654, 11661.0068, -129.2326, -69.6934, -651.1099, 19823.5717, 0.0019, 11.4408, 6.1630
30.0000, 2126.9014, 1153.3572, 11027.7596, -125.9758, -67.9082, -633.2472, 19822.9250, 0.0022, 11.4407, 6.1630
31.0000, 2004.3672, 1087.3222, 10412.8604, -122.5342, -66.0349, -614.8991, 19822.2063, 0.0024, 11.4407, 6.1629
32.0000, 1885.4104, 1023.2263, 9816.6478, -118.9568, -64.0959, -596.2126, 19821.4077, 0.0027, 11.4406, 6.1628
33.0000, 1770.1217, 961.1137, 9239.3126, -115.2887, -62.1127, -577.3352, 19820.5199, 0.0030, 11.4405, 6.1627
34.0000, 1658.5508, 901.0082, 8680.9021, -111.5709, -60.1055, -558.4105, 19819.5317, 0.0033, 11.4404, 6.1626
35.0000, 1550.7110, 842.9153, 8141.3289, -107.8398, -58.0929, -539.5732, 19818.4297, 0.0037, 11.4403, 6.1625
36.0000, 1446.5839, 786.8241, 7620.3826, -104.1271, -56.0912, -520.9463, 19817.1971, 0.0041, 11.4402, 6.1624
37.0000, 1346.1237, 732.7093, 7117.7442, -100.4602, -54.1147, -502.6384, 19815.8128, 0.0046, 11.4401, 6.1622
38.0000, 1249.2619, 680.5338, 6633.0019, -96.8617, -52.1755, -484.7423, 19814.2490, 0.0052, 11.4399, 6.1621
39.0000, 1155.9115, 630.2504, 6165.6674, -93.3504, -50.2834, -467.3345, 19812.4688, 0.0059, 11.4397, 6.1619
40.0000, 1065.9709, 581.8042, 5715.1921, -89.9406, -48.4462, -450.4753, 19810.4204, 0.0068, 11.4396, 6.1618
41.0000, 979.3275, 535.1346, 5280.9831, -86.6434, -46.6697, -434.2090, 19808.0279, 0.0080, 11.4394, 6.1616
42.0000, 895.8614, 490.1767, 4862.4185, -83.4661, -44.9578, -418.5646, 19805.1726, 0.0095, 11.4392, 6.1615
43.0000, 815.4491, 446.8641, 4458.8639, -80.4123, -43.3126, -403.5546, 19801.6518, 0.0117, 11.4389, 6.1613
44.0000, 737.9675, 405.1305, 4069.6919, -77.4816, -41.7337, -389.1720, 19797.0707, 0.0153, 11.4387, 6.1611
45.0000, 663.3022, 364.9139, 3694.3197, -74.6653, -40.2165, -375.3722, 19790.4786, 0.0220, 11.4384, 6.1609
46.0000, 591.3765, 326.1732, 3332.3503, -71.9256, -38.7407, -361.9694, 19778.3536, 0.0404, 11.4380, 6.1607
47.0000, 522.9447, 289.3144, 2987.3869, -68.4319, -36.8588, -344.9633, 19686.4189, 0.3064, 11.4377, 6.1606
48.0000, 460.0337, 255.4293, 2669.1190, -62.9110, -33.8851, -318.2679, 19396.3256, 0.9670, 11.4373, 6.1604
49.0000, 402.3340, 224.3511, 2375.9050, -57.6997, -31.0782, -293.2140, 19100.1786, 0.9872, 11.4369, 6.1602
50.0000, 349.5165, 195.9025, 2106.0442, -52.8175, -28.4486, -269.8608, 18802.2527, 0.9931, 11.4365, 6.1600
51.0000, 301.2750, 169.9184, 1857.9623, -48.2416, -25.9841, -248.0819, 18503.5244, 0.9958, 11.4360, 6.1598
52.0000, 257.3323, 146.2496, 1630.2335, -43.9426, -23.6688, -227.7288, 18204.3566, 0.9972, 11.4355, 6.1596
53.0000, 217.4418, 124.7632, 1421.5774, -39.8905, -21.4864, -208.6562, 17904.9196, 0.9981, 11.4349, 6.1593
54.0000, 181.3857, 105.3418, 1230.8495, -36.0561, -19.4214, -190.7278, 17605.3056, 0.9987, 11.4341, 6.1591
55.0000, 148.9744, 87.8830, 1057.0310, -32.4113, -17.4588, -173.8185, 17305.5692, 0.9991, 11.4328, 6.1589
56.0000, 120.1893, 72.2773, 899.0163, -28.7851, -15.6057, -158.0147, 17005.7451, 0.9994, 11.1716, 6.1586
57.0000, 95.2764, 58.3998, 755.5370, -24.9129, -13.8775, -143.4793, 16705.8582, 0.9996, 10.1727, 6.1583
58.0000, 74.1954, 46.1842, 625.8708, -21.0810, -12.2156, -129.6661, 16405.9297, 0.9998, 9.1732, 6.1578
59.0000, 56.7310, 35.5910, 509.5308, -17.4645, -10.5932, -116.3401, 16105.9740, 0.9999, 8.1734, 6.1567
60.0000, 42.5078, 26.7802, 405.7332, -14.2231, -8.8108, -103.7975, 15806.0001, 0.9999, 7.1737, 5.1596
61.0000, 31.1578, 19.7062, 314.1672, -11.3501, -7.0740, -91.5660, 15506.0154, 0.9999, 6.1739, 4.1603
62.0000, 22.2924, 14.1831, 234.6583, -8.8654, -5.5231, -79.5089, 15206.0245, 1.0000, 5.1740, 3.1609
63.0000, 15.5023, 9.9314, 167.0403, -6.7901, -4.2517, -67.6181, 14906.0305, 1.0000, 4.1742, 2.1616
64.0000, 10.3631, 6.6390, 111.1139, -5.1392, -3.2924, -55.9264, 14606.0349, 1.0000, 3.1745, 1.3942
65.0000, 6.4399, 4.1256, 66.6357, -3.9232, -2.5134, -44.4783, 14306.0390, 1.0000, 2.1757, 1.3938
66.0000, 3.5405, 2.2681, 33.3545, -2.8994, -1.8575, -33.2812, 14006.0437, 1.0000, 2.1755, 1.3937
67.0000, 1.5421, 0.9879, 11.1472, -1.9984, -1.2802, -22.2072, 13706.0498, 1.0000, 2.1754, 1.3937
68.0000, 0.3724, 0.2385, 0.0000, -1.1697, -0.7494, -11.1472, 13406.0602, 1.0000, 2.1753, 1.3936
69.0000, -0.0000, -0.0000, -0.0000, -0.3724, -0.2386, -0.0000, 13106.0825, 0.9999, 2.1753, 1.3936
70.0000, 0.0000, 0.0000, 0.0000, 0.0000, 0.0000, 0.0000, 12966.2270, 0.4662, 2.1753, 1.3936
